333 335 313 #SUP: 723
333 335 #SUP: 853
333 270 #SUP: 1158
239 #SUP: 1384
333 239 #SUP: 690
333 264 293 260 295 325 #SUP: 855
333 280 315 293 295 325 #SUP: 970
333 280 293 295 325 #SUP: 1052
333 264 293 295 325 #SUP: 1151
333 293 295 325 #SUP: 2091
333 264 293 260 295 #SUP: 856
333 280 315 293 295 #SUP: 971
333 280 293 295 #SUP: 1055
333 264 293 295 #SUP: 1156
333 293 295 #SUP: 2103
333 264 293 260 #SUP: 866
264 260 #SUP: 2144
333 264 260 #SUP: 1021
264 280 266 #SUP: 760
264 266 #SUP: 2291
333 264 266 #SUP: 1431
333 280 315 293 #SUP: 994
333 280 293 #SUP: 1105
333 264 293 #SUP: 1209
333 293 #SUP: 2303
280 315 282 #SUP: 794
280 282 #SUP: 953
333 282 #SUP: 802
282 #SUP: 2542
264 280 315 #SUP: 822
333 264 280 315 #SUP: 729
333 280 315 #SUP: 2176
280 315 #SUP: 3522
290 #SUP: 3635
264 280 #SUP: 1307
333 264 280 #SUP: 938
333 280 #SUP: 2832
240 280 #SUP: 735
280 #SUP: 5734
333 264 #SUP: 2879
240 264 #SUP: 1397
264 #SUP: 8897
333 #SUP: 9224
240 333 #SUP: 1410
240 #SUP: 14458
